1156732600845560219
1685482162305984806
127819100505645577
1863270996939689232
1784769348978437845
96254269956846861
988270486702919302
1006446480184033933
1704143040542162053
320211292815485634
375705122780015677
1437505874027747832
795946131869424607
283000806741424198
512726699215085255
372637962064844095
1529576585600343125
17759136582248684
7856254769593163
1384608783840157459
412661583886565736
404262302663542578
1455757917319799336
183124338995457525
1741636699012737083
1648688822492331343
754808271403642932
1477407356786577754
1076678724246704905
299862097014544212
993698069990223720
590559069521085015
1788721410913226735
1723256580000235422
1821630742808197112
211263280637025799
1102902654446301464
736723211914716075
2225708393568784728
976091975606330981
912468545606239084
4668562438717473
644768647834448633
1255950618732697462
1335601497936684688
1856255829916172019
1791567934475046675
1730250094054785260
1075601320250651629
1947824994892847795
848800152402237452
1793663583055318780
2080843330040459565
636614640073498957
1856477062985022214
23192853475003708
2071455779733487213
316003515356611745
2265094097022973335
1911171160187058104
544999428782047965
1188418916379701592
703417566623890513
363979316367649337
1812503900663685969
2136134593846006813
1318658698204275503
1836872727360459274
1760120873093183892
1009046567800254718
1521465287174033393
817374535670301815
1144123271960019298
2054211447378586038
441410507318132889
1116455968180854549
1333616798914349390
2284794567175100581
466460610944391236
336052418338923659
858148616351474297
1822644384293796277
1302788596831354475
1926840570618460953
1043579512295962781
1858386738103214861
117595725589697830
696638056010042185
1959545141011874930
927235941042943656
6611651196860765
773012161916033954
971981615879784166
113275718713913696
1933337217466588363
362131701925698520
1410421840960614822
674785083445751176
1559367332669153662
2198619791916256797
964438446882557993
519570594087901012
316085906486035200
1625241623373856629
639410843494443679
1765767042762352019
192765901000290921
1193053144913271192
1679262867544117922
2153436978792688584
1815936636315557994
859062902358587088
2253958599367037960
1001888483718999685
1274179539986135011
1878141656880358862
1488260501306131985
310890011965884647
2119508176091385564
977390669985817645
637918441972549413
1336695272627714997
1839282811702601241
744316423299622874
647502362709201540
233883267521486195
215580623833655492
866666778480146723
1857713619710436753
1611085135319513447
345950826396772262
832169009068398130
1848609026944870178
1566328391913464533
176386202722245062
2162373033219292662
727183007694436300
754576157095271360
901405505510238638
2083733072653559215
1794165686634977691
734441381566454319
320776798286959849
1035502598341413597
2010663040780618633
362459382560560679
1369948217533464502
2013211488258453475
1400338204839444347
566706064651788772
788692606595543099
751312721849227001
1227969371080137924
384513810407602431
83107965372638669
2059208728645940871
540227625197967948
1559760655993963038
71665921745755702
1416166884693858808
1749627692801808808
1758606852047156889
266560433291935461
148072091355574942
858500007987487990
14134513975410428
940113766865885420
1087424337520374960
349585719604402160
98418941036629827
1267264847503669351
237711334913851679
1573578739806222490
2034371286140723789
1684184038004675656
254600230157182496
2198691980264507502
922365055066843901
215182271137964557
1209812341571339180
249702025319728658
1368558775027867342
2270497068424143866
1169323748050536440
1395702360787526098
364589023400748875
748581567187230297
1661358145016573723
1923889235072735312
660014037143826090
1433095593573370581
2150326322935910511
691234490386898640
1704176757590110651
1686252532870157807
979913948156571710
726218535662851688
640079274580197707
972361540252013063
1774212533878469021
956490297908163967
1677578235658885985
1651614340303322163
147358502891670276
1250302550748835372
771640067859045797
775596438879277472
293735406355092846
42283421858000276
357934237935086623
315318739151123055
325767065901825502
1524817675188384508
2183267433230111458
745293329476883145
1417693027093269741
1982170982202612471
1881231477814686813
426304898183835042
200268821166040257
1438797232102361777
2177982154697431392
1244385734646672682
2224524328456686671
2038412053433005707
299787507776209761
2001246414486215241
1786476199996909302
1469586771812096446
1241106197122970219
929233485190419612
1575227967717222206
782877169109901331
1817044723333457006
797795537920177662
1032662724243162869
309311507594946593
716667321717123327
1309591332725257936
2028735181896911087
2175928725882218555
2194573126435857140
2247875139619433952
1706840222932596014
1995884958096478854
1572653293274905659
166400542814684310
2251735163998478755
460435342784624767
279162818735118432
754095618341570479
2271889362939012155
1603233316628473265
279503397460458495
1563199510389493647
1881576140589967025
2068582349486161766
2067836937213507039
1680116175554540033
40199006911990437
741516385730500553
2179473398230535673
1001152703765234755
1688262822285016139
452085240486271620
683011548172527249
2135486067589036654
2287546396048147175
2128633576284991492
347070154149094844
1670343213711257459
1365562242577182377
1201070736493364631
1696215561302923998
1275128324146786188
1143412389397237850
1665550502899285810
2155677189323194977
176167140545663473
341538665559681433
1056041411042582501
86857111627805475
2280649373583010601
2295851968277972314
109909735159065248
1651267349679041001
142668687109968890
1299840769855662934
188519228506095459
397040730789189477
392043318607737713
1454785571963904440
1781024383615982368
1162665777649037507
750779612665124679
837463905791199849
1093577463656243712
1218036664387807811
1472946557076477342
2216420758391190477
548489816491019124
1288754532889152438
1229825129800232790
436587436293297296
1322113100406596648
623603523322237613
1125200213822875701
1442306609730110794
1873018525588907575
27748113057115432
1466304736021839604
943710909030960872
1938502364412299980
993944115441773164
1434486995733289903
820051673333480991
450302553958505367
1115564173183466776
2118574950471451667
1258607209712230419
1648381222330313426
235489343286772000
1948543335931741821
1332954112163660572
2297248592587994279
638517827796842581
668300505846621302
2144700896861761727
874900715625965310
445651618118797054
1116952218312182337
1008140461596464184
1852035890683858680
1868291935334320658
888520871822727388
719237134772223560
978868839602518640
648443894398358679
1140630327156642942
255899788565269278
284055332241893551
1200585878093984305
1008286260178487697
1268949872989131451
792356119751196141
82401966226295005
748906461911669836
572235027630631688
2081253441082458326
1256944491728820199
24369620591891037
1811526492997142074
2156787934893021306
1007832283286037074
1837397810747418042
1256544341652874774
2185140585511329244
1668765348510321000
670674479520439414
512851108515363691
1370223204773621376
1215529916026919763
181583634090464989
2009153792871242365
606052206620808342
410110859090957493
2262392321910187772
1885688280414565856
2268384366041434121
557876550690180823
1742520794662310815
1503863152191536523
1298479234703051774
2054054992547077712
975877103439638633
1797084428591916493
218201162993266043
1119527618352796586
1647778550594200152
136460726503963011
2231062511487633548
1807327381344790963
864217902993943492
278645132829168085
726199041060723481
1239301587735982441
1247242607980613194
1679440295526754847
25677402483659848
2090770003378751275
435476193912721451
1786578209595848324
2298283587648226409
2087631946419873653
1976549201539415889
1831534529341737852
1642577395677394994
400785425249891017
2161461020718987211
1278814575268107702
421674589825311825
2055163642453519289
2248350954315356495
1194879855776762882
789375170921595247
1201094975071552642
341638527582360658
1396887898596184038
2293021148833840238
1209908545042710094
729765073102021384
760662074896700651
886510756850678622
1499197321582866342
1970583004703456509
993535779542025754
195669811837050071
1294349180738906287
828442771176916736
698961355134270917
1868767724755468393
1420173733794656157
437292398829414245
757089748092768411
1198158750034297974
8900166107062981
1846677375376592564
1036913804597878859
97305911702581390
1014429951584630128
1290362681579586471
1163467756987064468
1472973531365414582
2086924296727328610
1170347978224472627
584223559475981390
1747587604862020563
777304404725668001
1773822707468767183
720645663424098024
2031191024125478872
2130379204686290658
1513482958026664326
1569189047086791448
712473513142528745
1707185596945848546
2176487155879654922
1398162223306315723
2281684090765214878
880583255325989073
1067708761948541752
522701291274440928
665389706920962832
942712306516378465
642946733122790311
1339066205304262491
1314617800816201794
1584324272002597047
1315143723283765340
840194955646442734
2031422938461496536
1239241162969767439
591309188674665854
1003069409172545263
415174447824373561
1630533190194742893
1380103606478091205
1471986860475071424
1044580963928294729
1063630329078790240
374702744807865161
1122736749896332571
259979431639745570
717295664722081279
2219184847701568839
595346729177230085
182853736180692611
2207918770269942658
1486347707276461351
1243435433145753357
1239081049198730114
113299813607828779
902072796419063526
1778784126226766567
487271408360153402
1967107195644991677
839025338390476859
2008741478703381416
2255424915043002866
630786823037245904
917437509755742719
212269214578489424
1177681469903139703
1379497060617952016
43084149237616826
60200831033605734
753308147875584231
1371155931239910887
950667142750935562
1054409994564322196
304506930925435770
686375874138672403
1814757061239783835
783526691813635168
1926230432424087228
1779974930736905643
803742224624463760
1416590642857467695
1472404336176143924
183768505391146361
966967466060692768
1826655932407466915
384056321744381698
1243548321801133128
160323268579255332
2199161801604203629
1471863705652733478
1320250104976142343
765663739757828672
1393727728234320920
476541339712076162
560674390321062572
1458093055606759831
1819158260534242891
1185088324957353685
552407042903880956
2232875809887456232
35436918373416056
1310194944138429799
567716299280103474
400864688303552326
449253050530182901
1018591202628547488
183015265701876353
1860526087461595174
178125105148418411
506488957379216406
929303977544741347
1907446543837231939
1431458955797366324
1491672974718349875
1823248166154017169
993638501251017077
109707134439478088
151938930358905958
585469575936032125
1921116765882092554
1150673159829250358
1956302229163433936
1080974074957339318
539609233634575154
324193110614513323
8687789902728214
974582511511839714
951249211463964029
494098719852875553
85018278675787547
1569963051122565469
142141501534804576
1195747680434774136
2202324762498586990
918705689934944142
765311563748618498
621361691768182750
1216550253638803834
1796166436495358935
1044591224415821354
991152499655017518
1466328470418866658
274895003483835876
874008920994989061
744556401711996289
689607571200873976
1466898145213458890
1462478297586683238
2051371328177056513
2271508129589358013
1935366182040815777
1768489874561193715
699564110743244906
1045453831691696039
1961747250614945228
2203385930030814723
1446273585610478125
2015327092371922302
229514591743983638
2168881776026187093
2084370076861187736
772462826788686396
326736368626079643
1061293056204849465
1302118374619837812
1987565102039668446
1647515467425640532
1515017369280571215
1519557860009662640
881155094346008930
1178458760786707740
1916511765705347488
255499067374027334
810667860825258547
1148656002128219061
1023544885876809844
1140626309002970812
2002558560337091378
1763422960918826651
513671421501648197
1545861802957139124
1197363540582868993
1051817459266328432
214824013833306640
894812976611569834
2148439997552295683
725812090628699235
2106958159608280368
1791796307759606958
1105709051350685765
1289769496954355560
1368101427167464760
886129446155774698
1727209907402027361
12571057123502875
1110184258108387514
1117555772677567407
450907814764852676
2211797574017707869
384668696230612669
833791516824992161
1636599878497865289
537952328699320175
232074134643474698
1105492213670416015
1097538499846381522
1555240671119121421
1453354830773924875
834399147064579376
536141763572619925
731661047495426341
2108960272982305443
2084849425808023707
405019786799281571
809121269773529540
825154148752519168
1439464838597651206
2122503615816014295
820513603544305638
2122936029652705833
1817587442563800637
1293171158690958772
410195925322781542
344871781480102981
305744210045731415
1375924534258549112
63567784316186484
1338270737562290959
338634244254730764
1233916752961406896
1399033527585278078
2125189798755200583
564306925086765458
1870318327267448529
2098408807602308114
1641950395929097527
1064082099499731445
1196979135518029282
1140670583839256943
884292578078068084
1078189867948074012
102712709037617683
433486577226748293
1200571524561705406
1796403284382618778
2197680900276458431
117835279161390030
722209350476898441
1320594167072132057
943668006343603512
351390726057753690
1879436152694765985
1093717957822093882
233206931372480149
1533801463561859369
1897794927464710390
347976180251556153
1148355279127760238
1121377740039719283
180847175315496565
1768065690600535633
869146898439989801
1687541391457170169
165688489575684012
484235665115670574
391622312314006599
657644533512184128
395920621613784906
609492236510893490
85411154940038030
560088300090520739
226684679716167764
1464123665917343637
187341746412973953
273707870134486631
788877814677419132
457834879303923784
1267208351652223783
1615296250603699846
2034014365556695934
1998857224383737140
1934336915746052188
838521581295575531
14895503383454461
838268951206320308
885068913874074527
936354702431399799
611723395311478737
505537681680504882
567569016864480158
1754479785695366954
1137350980661930809
419632592285028643
1778810556341426054
2298769645226201486
871741489993772351
662647840376272668
1034565835419499694
1239459252982551452
1283702387834352799
1069598753325939823
914908623630584242
1842037128977298430
1466521057517338585
1983067773147933740
1690194485441115086
1913414296959571375
1484196997648653030
489508415104596695
1115460906591277249
1833436662709392669
1600861467709409554
818127902972803392
1857525603448451595
2130292705963761130
375071581792368059
1288642675993239455
857810228655937386
1126842694147538766
123314408068999289
77876224110731229
282161355563737536
1723410611940826629
1691882363307430909
1633117379936408462
1771536105002600498
93269216788375581
925114908887310926
958605385873202616
418460720754193310
1148375588166165983
1062348330841138108
297758487412165462
1846445817509579598
511816101440397236
1840198501035470611
1546125663070868887
381723593009641983
2249879453921535267
421727843145256810
1286099968123042845
1073407842507300899
217988314623846586
794102133023819115
357874242875831370
406682288812328433
1523682560897989239
870991943044890675
470992281714552774
2055841845002538315
1433792064848220488
2059865194593379343
1218082770109396061
1156390967916292999
190860452946507057
1311953257771624514
1942828405989847447
717422506065231257
1390353557985003229
687694163976984605
1503184739896135429
1732262642378863914
1739201680247704470
1360634427113526852
1665619175304127093
1374508878401794521
1776035727065503295
1185878516304384486
275923509142307639
1426202143811104511
826681995482942942
767688390394009909
1840429199564731719
1145295928989340130
1446018454405209930
2043760220068575489
2123957959849808517
479121166649134180
1807458339733349678
97058496078262437
1448083738523867726
1560272195819254827
364094427722083585
1023887512604317725
1051045090443397395
823790394671101251
511796539077166619
829845793529874400
247041992316831743
1296862410948240768
1903159975669145287
9738878722552866
1105898926196736964
1675821416543921696
873206104453399198
89975925962623341
1090343166311294356
393299917925781919
112529611224182577
945141230353254297
238495428402076344
1981738057382681150
380530268102249739
1640077496532762101
1156166698433890922
759579486021919885
2091214096396487260
1641250587329995775
1458713530689665237
1564856630522447681
581793650343977980
513482902060907543
437525052518826769
521687471793400821
1129489973390550359
1493958897241354015
812071947237381633
1835087746049440341
991025966038494186
174036174648915269
1444784919723873735
1414391145139649697
1898584947436607844
1260459378645040505
1802997513566045326
973800832146809993
1951207555801105694
1564316060996123451
368678138758033943
1135185502678257149
1934291393787845968
1105442354303740525
462187050914891624
849810097925903756
29849735712039974
479392998887892046
1087637227897422774
603066809248162146
1711805273410165521
960279655638527831
133890136896387911
1344340216254664626
304562235994191216
327425746828808901
256072948783073940
1323873890015750016
228816777026332528
2293347414833665377
1781193023447140411
1984478344225362449
1145877988097875049
492579595122615098
2122064871470107202
1602394948472284995
1532982720207396178
2031650174549951225
220977989170949617
144779207452574381
187377026023943272
1888889392433342195
167065517669983875
1391120932218666022
442322281201131449
353314150973337624
916103916366283043
683428136886116561
394856184283826463
526273519646319345
1476866967313189806
643299605621377515
782327378441543783
1456481422506756509
2003616810583310287
2046702847819592326
545813772351592856
1356862560913042472
1661220517102614548
435846964719723736
992411817647098399
2094009012219732731
850161105238172604
409806568835354246
1484323674620721143
2150952528206481260
1379948464671403627
62996185177693240
1929692794834907910
1130919248707420591
1495340336588024388
148203183208009134
1713322830328815932
2014931852937686622
1339495635656454940
1348159193492872565
671554705080839760
2120878957813557071
504846499338765650
956436709857579212
62523600808336066
1007192038132545327
790486964926380751
1268829282156833004
577988080080631223
185431445893049882
355835295235716233
1697577528824027062
1054220735311608747
62634066232524483
1983014425395564455
807530184798788738
1738285300751566946
1898513486424298670
757251213208342681
2273146936052038835
1440986780572442354
1370945937246514106
1938433500512002139
274125124792658119
598356049706173934
653657981315942136
389734712341008215
722190840816434730
601342187389440807
1035996195051572663
1304234071611443068
249798504294339804
340253618873616247
1388408345060367226
630357523503014925
2256265631464752929
691859326736014225
530557109777507042
15985771741628353
1277608159568083779
1428630275138162488
327649838300873034
2087655584938446380
894974324015015139
1774250007085332654
935122115142218409
1723452472212601745
890440523347368158
711846159904977653
1015297464991324117
1819295810001655861
644214716811167533
581801909222268354
1878533293687220148
1922156750942622556
92163104013479505
2072790119306560824
1662954358985644926
759511300004655810
1865360864318634487
1939533548560401674
1514814207914503893
2110047312028761173
499288185413453391
2196386751020280653
1402744063373477518
1704482635937287377
473508207597477356
1215399906378427386
852613618850612289
1769753796182417780
1989156532208697799
2287467624037090027
1245407649610426412
2083093727256205742
1404747397006735546
324332825211746512
748464841820223044
2036135984856890276
